
data = np.array([
	[3.13,2,2500000,1300,2],
	[3.14,5,4124500,450,2],
	[3.32,6,2700000,450,2],
	[3.00,2,750000,450,4],
	[3.01,3,1000000,450,4],
	[3.43,3,2000000,900,6],
	[3.66,6,900000,450,4],
	[3.00,5,750000,450,2,],
	[3.40,6,1500000,900,6],
	[3.13,2,2500000,1300,2],
])


data = np.array([
[1.24,1.13,0.92,1.63,0.85],
[0.55,1.13,0.5,1.63,0.85],
[0.51,0.56,1.93,0.71,0.85],
[0.22,1.13,0.68,0.71,0.85],
[1.08,1.13,1.02,0.71,0.36],
[1.04,0.56,0.80,0.71,0.36],
[0.67,0.56,0.06,0.52,1.57],
[1.61,1.13,0.89,0.71,0.36],
[1.08,0.56,1.02,0.71,0.85],
[0.54,1.13,0.36,0.52,1.57],
])

weight=np.array([
[0.78,0.28],
[0.46,0.63],
[0.37,0.32],
[0.91,0.13],
[0.78,0.11],
])


sofm = algorithms.SOFM(
n_inputs=5,
n_outputs=2,
step=0.6,
weight=weight,
show_epoch=5
)

array([[0, 1],
       [0, 1],
       [0, 1],
       [1, 0],
       [1, 0],
       [0, 1],
       [1, 0],
       [1, 0],
       [1, 0],
       [0, 1]])

