intersection
art1_som1: [73, 83, 57, 54, 74, 56, 23, 16, 90, 82, 61, 55, 5, 70, 87, 80, 10]
intersection
art1_som2: []
intersection
art2_som1: [13, 8, 66, 12, 30, 22, 96, 79, 3, 29, 92, 18, 25, 14, 52, 91, 63, 76, 35, 45, 65, 86, 85, 9, 43, 24, 97, 28, 98, 11, 95, 17, 78, 99, 7, 46, 64, 60, 48, 27, 71, 21, 72, 41, 68, 19, 31, 15, 6, 81, 51, 50, 67, 69, 49]
intersection
art2_som2: [36, 33, 34, 32, 93, 75, 53, 59, 20, 38, 44, 47, 26, 2, 37, 40, 89, 1, 100, 4, 62, 39, 77, 88, 58, 94, 42]

percent art1_som1: 23.61111111111111
percent art1_som2: 0.0
percent art2_som1: 67.07317073170732
percent art2_som2: 32.926829268292686

